# provided sample
0 2 4 3 10 5 8 11 12 14 9 7 1 13 6 15
2 4 8 3 10 5 0 11 12 14 9 7 1 13 6 15

# 10
0 6 2 3 1 5 8 4 9 10 7 11 13 14 15 12
1 2 3 4 5 6 7 8 9 10 11 12 13 14 15 0

# 12
1 2 3 4 6 0 7 8 5 14 10 15 9 13 12 11
1 2 3 4 5 6 7 8 9 10 11 12 13 14 15 0

# 14
1 2 3 4 5 6 7 8 0 9 11 10 13 15 14 12
1 2 3 4 5 6 7 8 9 10 11 12 13 14 15 0

# 6
1 2 4 8 5 6 3 0 9 10 7 11 13 14 15 12
1 2 3 4 5 6 7 8 9 10 11 12 13 14 15 0

# 12
1 3 4 8 5 2 7 12 9 6 11 15 13 0 10 14
1 2 3 4 5 6 7 8 9 10 11 12 13 14 15 0

# 20
5 1 2 8 9 4 3 11 10 14 6 7 13 0 15 12
1 2 3 4 5 6 7 8 9 10 11 12 13 14 15 0

# 18
1 10 3 4 5 9 6 8 2 7 11 12 13 14 15 0
1 2 3 4 5 6 7 8 9 10 11 12 13 14 15 0

# 18
2 6 3 4 1 5 9 8 13 14 7 12 10 0 11 15
1 2 3 4 5 6 7 8 9 10 11 12 13 14 15 0

# 18
1 2 4 7 6 10 12 3 5 13 11 8 9 0 14 15
1 2 3 4 5 6 7 8 9 10 11 12 13 14 15 0
